[##..#...#] (0,1,2,5,6,8) (3,4,5,7,8) (2,3,4) (1,2,4,5,6,7,8) (2,5) (0,5,7) (0,4,5,6,8) {45,33,46,21,45,82,44,43,60}
[###..#] (0,2,3,4) (4,5) (0,1,5) (1,3) (0,1,3) (0,1,2,3) {55,56,30,68,21,9}
[..##.] (0,2) (1) (4) (0,4) (1,4) (2,3) {26,8,209,200,25}
[####] (1,3) (0,2) (2) (1,2,3) {9,11,14,11}
[##.#.##.##] (0,4) (8,9) (0,1,2,4,5,6,7,9) (0,4,9) (2,3,4,7) (3,6,8) (0,2,4,5,6,7,8) (1,2,6,7) (0,1,2,4,5,6,7,8,9) {40,20,44,6,46,33,38,44,45,35}
[#.##] (2,3) (0,1) (1,2,3) (1) {17,22,18,18}
[.##.#.###] (8) (0,1,3,4,6,8) (1,3,4,5,7,8) (2,4) (0,1,3,5) (0,2,3,4,5,7,8) (1,2,3) (0,2,5,7) (1,2,6) (0,1,6) (1,2,4,5,6,7,8) {41,60,170,51,186,40,30,34,44}
[##.#.] (0,1,2) (0,1,4) (1,2,3) (1,2,4) {19,37,25,18,12}
[...##..#] (3,4,5,6) (1,2,4) (0,2,6,7) (0,3) (1,2,4,7) (0,7) (0,2,3,5,7) {41,11,31,51,24,31,15,27}
[.#.###.] (0,2,4,5,6) (0,2,5) (0,2) (0,1,2,4,5) (2,3,5,6) (1,3) (0,1,3,4,5) (1,2,3,4) (1,2,3,5,6) {67,66,93,57,48,71,36}
[..####.] (0,1,2,3,5) (0,1,2,3,4,6) (0,2,3) (0,1,4) (0,1,3,4,5) {62,42,49,51,30,14,17}
[#####] (1,3) (1,2,3,4) (0,3) (2,3) (4) (3) {11,17,4,47,15}
[.##.#..###] (6,8) (3,6,8) (0,1,4,5,7,8,9) (2,3,7,9) (1,2,3,5,6,7,8,9) (4,5,6,8,9) (5,8,9) (1,4,6) (1,2,3,4,5,6,7,9) (0,3,4,5,6,7,8,9) (1,3,4,5,8,9) {34,56,40,73,55,85,73,74,103,100}
[.####] (0,1,4) (2,3,4) (0,1) (2,4) (0,3) {27,21,37,25,56}
[#..##] (0,3) (4) (2,3) (0,3,4) (0,1) (1,3,4) {36,36,12,52,42}
[..#...###.] (1,4,5,9) (2,4,7) (2,3,5,6,9) (0,1,2,3,8) (0,1,2,4,6,7,9) (1,2,3,4,7,9) (4,9) (1,8) (4,8,9) (0,1,3,6,7) (0,4,6,8) (0,5,6,8,9) (0,2,3,7,8) {72,69,79,61,83,33,69,84,61,86}
[.#####] (0,2,3) (2,3) (1,2,4,5) (0,1,4) (1,2,4) (0,4) {161,35,167,144,55,19}
[#......#.#] (0,2,3,4,9) (0,1,2,3,4,5,6) (0,1,3,4,6,7,8) (1,3,4,5,6,7,9) (1,7) (1,5,9) (0,5,8) (0,2,3,4,5,6,7,8,9) {155,43,135,158,158,164,144,148,137,158}
[#..#..#.] (0,4,6,7) (0,1,2,3) (1) (0,1,2,5,7) (0,1,2,4,7) (1,2,3,4,5,7) (0,3,6,7) (2,5) (1,2,3,4,6,7) {48,64,55,30,28,32,19,51}
[#....] (0,1,4) (1,2) (0,2,3) (2,4) {17,26,44,10,22}
[#....] (0,3,4) (3,4) (0,2) (1,2,4) (0,2,3) {11,13,16,30,41}
[....#.] (1,2) (3,4,5) (0,1,2,5) (0,1,2,4,5) {130,136,136,6,135,136}
[#.....] (0,2,3,5) (0,1,4,5) (1,2) (0,1,3,5) (2,4,5) {23,30,19,15,10,25}
[.#.#..] (0,4,5) (0,1,2) (2,5) (0,2,3,4,5) (0) (3,4,5) (1,2,3) {32,199,216,196,9,26}
[##.#.] (0,3,4) (1,4) (2,3) {5,13,11,16,18}
[##.#] (0,2) (0,1,3) {35,20,15,20}
[#.###.#] (1,4,5,6) (1,2,4,5) (0,3,5,6) (0,1,2,3,5) (1,2,5,6) (0,4) {33,29,18,13,37,41,34}
[...##] (0,1) (0,2,3) (0,3,4) (2,3) {21,7,14,21,7}
[#.###...] (1,4,5) (3,4) (0,1,2,3,4,6) (3,4,7) (0,3,5) (0,6,7) (4,5) (1,2) {55,56,39,50,67,55,36,17}
[.#..#] (1) (4) (1,2) (1,2,3,4) (2,3,4) (0,2,3) (1,3,4) {20,55,59,69,57}
[##..##] (0,5) (0) (2,3,4,5) (0,2) (0,2,3,5) (0,3,5) (3,4) (0,1) {50,18,25,24,21,24}
[#.##] (1,2) (2) (0,3) (0,2) {19,19,47,8}
[.#####] (0,1,2,3) (1,2) (0,2,4) (0,1,3,5) {41,31,30,28,13,14}
[.####.#] (4) (1,2,3,4,6) (1,2) (0,2,3,5,6) (0,2) (2,4) (1,4,5,6) {8,46,66,21,49,8,28}
[.#..##..] (0) (0,2,3,5,6) (2,5,6,7) (3,4,5) (1,5,7) (0,2,4,5,6) (0,2,6,7) (0,6,7) (0,4,7) {64,2,34,157,177,170,44,44}
[.###..#] (0,1,3,5,6) (2,3,4,5) (2,3,6) (1,2,3,6) (3,4,5) (0,1,2,4,5,6) (0,1) {29,35,46,55,34,38,33}
[...#.] (2,3) (1,2) (1,2,3,4) (0,4) (0,1,3) (0,1,2,4) (0,2,3) {34,39,31,40,24}
[#....#.] (0,1,2,3,5) (0,5) (0,1,2,3,5,6) (1,4,5,6) (1,2,3,6) {35,45,26,26,19,54,43}
[#.##] (2,3) (0,1,3) (1,3) (0) (0,1) {41,35,20,42}
[#....#] (2,3,5) (0,4,5) (0,5) (1,3,5) (0,2,3,4) {31,17,23,40,18,53}
[##.#.#.#] (0,4) (1,3,4,5,6,7) (1,2,5,7) (0,1,3,5) (2,3,5,6,7) (2,3,4,5) (0,1,2,5,6,7) (6,7) {30,28,54,38,30,60,163,169}
[##.#.] (0,2,3) (0,1,3) (1,4) {26,12,19,26,5}
[.##.#.] (0,2,3,5) (0,2,5) (1,2,4) (2,5) (1,2,4,5) {6,15,24,3,15,15}
[#...#] (1,4) (0,3) (1,3,4) (1,3) (2,3) {8,13,19,40,7}
[...##..#.] (1,2,4,5,6,8) (0,1,2,7,8) (3,4,7) (0,4,5,8) (0,1,2,3,4,7,8) (0,1,2,3,4,6,8) (2,7) {61,45,60,42,58,16,19,48,61}
[###..#..#] (1,2,4,5,6,7,8) (0,2,7,8) (1,3,5,7,8) (3,5,8) (0,2,3,6,7,8) (1,2,3,4,6,7) (3,8) {149,36,165,42,16,40,19,185,192}
[..####.#.#] (0,3,5,8) (0,8,9) (0,3,7,9) (1,2,3,8) (2,3,5,7,9) (0,1,2,3,6,7,8,9) (1,2,4,6,7,9) (0,1,3,4,5,8,9) (0,1,2,4,5,6,8) (3,6,8,9) (0,1,2,3,4,6,9) (0,1,2,4) (1,2,3,5,6,8,9) {105,94,96,122,45,50,83,53,116,113}
[...######] (2,4,5,6,8) (0,1,2,4,7,8) (0,1,3,4,6,7,8) (3,4) (0,4,5,6,7) (0,1,3,4,5,8) (0,3,6,7) {251,219,206,59,267,54,62,232,237}
[#####..#.#] (1,2,3,4,5,6,7,9) (0,1,4,6,7,8) (1,3,5,7,8) (1,2,3,8,9) (0,1,6) (2,3,5,7) (0,4,7,8) (2,6,9) (0,1,4,5,7,8) (5,8,9) (0,1,2,3,6,7,8) {194,209,175,192,41,65,170,220,208,20}
[###.#.###] (3,4,6) (1,2,3,4,5) (1,7) (2,4,6) (1,2,3,5) (1,3,4,5,6,8) (0,1,2,3,6,8) (0,2,3,4,5,7,8) (0,5,6,8) {31,166,61,68,55,50,58,137,44}
[####.##.] (0,3,4,5,6) (1,2,4,5,6) (0,1,2,3,4,5,6) (1,2,3,5,6,7) (1,2,3,4,6,7) (2,3,4,6,7) (3,5,7) (0,2,5,7) (1,5) (2,3) {194,53,80,237,216,224,235,59}
[.#..#.] (1,2,3,5) (0,1,2,3,5) (0,1,3) (0,4,5) (0,2,3) (1,5) (2) (0,2,3,5) {57,20,52,51,9,32}
[.##..###.] (0,1,3,7) (0,2,3,5,8) (0,3,4,7,8) (3,4,5,7) (3,5,6,8) (2,3,4) (2,3,5,6) (0,6,7,8) {184,164,29,210,33,28,10,188,21}
[...##] (4) (0,1,3,4) (1) (0,2) (0,2,3) {30,12,18,29,21}
[#.#.#...#] (0,2,8) (1,6,7,8) (5) (0,4,6) (1,3,7) (4,5,6,8) (3) (2,4) {9,12,21,8,26,22,16,12,15}
[##.###.#..] (0,1,4,5,9) (1,4,5,6,7) (1,2,3,4,6,7,8,9) (1,2,3,6) (0,2,5,6,9) (0,3,4,5,7,8) (0,2,4,8) (0,4,6,7,8,9) {64,52,46,42,87,64,60,64,57,54}
[.#..#..] (3) (1,4) (0,2,3,6) (0,1,3,5,6) (0,3,4,5,6) (1,2,3,6) (0,4) {70,43,27,80,54,33,60}
[.#.##.] (0,1,2,3) (0,1,4) (0,2,3,5) (0,1,4,5) (0,3) {69,40,31,44,25,23}
[##..##] (2,4) (0,1,2) (0,1,2,5) (1,4) (3,5) (0,2,3,4,5) (1,3,4) {38,46,53,36,39,32}
[#.##.#.#] (0,2,6,7) (2,4,7) (5,7) (0) (0,5) (3,4,6,7) (0,2,3,7) (1,2,3,6,7) (3,4,5,6) (0,2,4,5,7) {147,15,58,40,33,129,36,65}
[..####.#] (1,3,4,5,7) (2,3,4,5,7) (0,1,2,5) (0,1,2,3,4,5,6,7) (0,1,2,4,5) (0,1,2,3,4,7) {30,42,48,41,55,56,7,41}
[.##.#.] (1,3,4,5) (0,3) (0,1,4,5) (1,2) (0,3,5) (1,2,4) {13,34,22,23,28,16}
[##.#....##] (0,2,3,4,5,6,8,9) (1,2,3,4,5,6,8) (1,5) (2,4,5,6,7,8,9) (0,1,2,3,5,6,7,8) (5,7) (4,6) (0,2,3,4,5,6,7,8) (2,3,5,6,8) (2,3,4,7,9) (1,8,9) (1,7) (0,4,5,8) {33,49,43,43,32,71,39,46,59,26}
[......#.#.] (3,5) (0,2,3,5,6,7,8,9) (1,5) (0,1,2,3,5,6,9) (2,3,4,6,8,9) (0,1,2,3,6,7,9) (4) (0,2,3,5,6,7) (2,7,8) (1,2,5,6) {144,149,192,180,25,80,177,155,44,146}
[..#...###] (0,3,4,5,6,7,8) (0,1,7) (1,2,3,4,5,6,7) (0,6,7) (8) (3,5,7) (0,1,2,3,4,8) (2) (0,1,2,4,6,7) (0,2,5,6,7,8) {67,43,54,54,61,42,62,73,47}
[..#....] (0,1,2,3) (2,3) (0,1,3,4,6) (2,3,4,5,6) (2,3,5) (1,2,3,4,6) (0,1,2,4,5) (0,1,2,6) (0,2,3,6) {42,51,172,165,38,24,57}
[..####.] (0,2,4,5,6) (2,4) (1,2,3,5) (0,1,3,4,5,6) (0,1,4,5,6) (0,1,3,4,6) {189,51,181,40,200,193,189}
[##.##.##.] (5,7) (0,2,3,6,7) (2,6,8) (1,4,5,8) (0,1,2,3,4,5,6,8) (1,2,5,6,7,8) (0,3) (0,1,2,3,5,8) (0,1,3,4,5,7,8) {68,65,56,68,35,67,45,50,70}
[#.#.#..] (3) (0,1,3,4,5,6) (4,6) (0,2,6) (0,6) (3,5,6) {44,9,16,144,19,20,65}
[#...##.] (0,1,5,6) (0,1,2,4,5) (0,4,5) (2,3,4) (0,2) {43,34,41,20,36,36,20}
[#.#.#.#.#] (3,4,5,6) (4,6,8) (1,4,7) (0,1,2,3,4,5,7) (0,2,6) (0,1,2,3,7,8) (0,2,4,6) (2,6,7,8) (1,3,4,5,6,7,8) {20,36,35,43,60,39,60,51,43}
[###..#..##] (1,2,6) (1,2,3,5,7,8,9) (2,3,4,6) (0,1,2,5,6,8,9) (0,1,2,4,5,6,8,9) (3,5) (1,2,3,4,5,6,7,8,9) (0,1,3,5,7,8,9) {22,46,56,46,36,52,39,24,43,43}
[..##.....] (2,7) (1,2,6) (3,8) (3,5,6,8) (1,5,8) (0,2,3,5,6,7) (0,1,5,7,8) (3,5) (0,1,3,4,5,7,8) (3,4,5,6,7,8) {33,36,38,58,10,74,41,52,46}
[####...#.#] (1,2,3,4,6,7,8,9) (0,1,2,3,7,9) (2,4,5,8) (1,2,5) (2,3,4,7,9) (0,1,2,8,9) (1,2,6) (0,2,3,5,9) {43,56,78,45,21,16,11,39,24,62}
[##.#.] (0,3,4) (2,4) (1) (0,1) (0,1,3,4) (0,2,3) (0,2) {146,14,27,133,142}
[#..#..#] (0,1,3,6) (1,3,4,5,6) (0,1,2,5) (0,1,2,4,5,6) (1,2,3,6) (3,5) {20,26,19,28,16,40,21}
[..##.#...#] (0,1,2,3,5,6,8,9) (0,1,2,3,7,8,9) (0,3,6,9) (0,2,4,5,6,8) (2,5) (0,1,2,3,4,5,6,7) (1,6,8) (0,4,5,8) (6,9) (4,7) (0,1,3,4,5,6,8) {72,68,47,65,53,47,74,46,63,38}
[..#.###.] (1,2,6,7) (3,5,6) (0,3,7) (0,1,2,4,6,7) (2,4,7) (2,4,5,6) (2,3,4,7) (0,1,2,3,4,6,7) {30,27,75,32,75,25,52,61}
[#...######] (2) (0,1,2,4,5,7,8,9) (0,1,2,4,6) (2,4,5,6,7,8,9) (0,1,2,3,4,5,6,7) (0,3,4,6,8) (1,3,5,6,8) (2,8) (0,1,3,4,5,6,8,9) (2,6,7) (0,1,3,6,7,8,9) (1,3,6,7,8) (1,4,5,8) {74,99,61,73,94,88,110,55,113,56}
[###..#.#] (0,3,4,5,6) (1,3,4,5,7) (1,4,5,6) (0,1,3,6) (1,5,7) (0,2) {51,35,13,39,31,35,49,5}
[..#..###..] (0,5,6) (0,1,3,4,6) (0,3,4,6,7,8,9) (0,2,3,9) (1,5,6,9) (8,9) (1,4,5,7,8) (0,2,3,5,6,7,8,9) (0,1,3,4,5,6,9) {75,46,28,68,45,51,82,39,42,70}
[####] (2) (1,2) (0,1) (0,3) (0,1,3) (2,3) {34,20,17,23}
[..#.#..##] (0,1,2,3,5,6) (2,3,4,7) (4,7) (0,1,2,5,6,8) (1,2,3,4,6,7,8) (2,6) (1,4,5,6,7) (2,3) {19,46,67,46,48,28,49,48,36}
[#.#.#.#] (0,1,4,6) (0,3,4,5) (0,1,2) (0,2,3,4,5) (1,3,5) (0,2,5) (1,2) (0,5) (0,1,4,5) {88,46,56,38,59,84,6}
[#.###.#] (0,2,3,4,6) (0,1,2,4,5) (0,3,4,5,6) (0,2,3,4,5,6) (0,1,2,6) (3,5,6) {56,34,56,42,39,51,59}
[###.####..] (3,4,6) (0,6) (5,9) (0,1,2,3,5,6,7,8) (3,6) (0,2,4,5,7,8,9) (1,3,7,8) (0,1,2,3,5,6,7,8,9) (0,1,2,3,5,6,7,9) (0,1,2,4,7,8) (1,2,3,5,6,7,8,9) (0,1,9) {45,66,53,75,37,52,59,69,69,45}
[..##....] (0,1,2,3,5,6,7) (3,5,7) (0,1,2,3,7) (0,1,6) (3,4,5,7) (0,1,3,4,5,6,7) (0,1,2,3,6) (0,2,3,7) (0,2,3,4,6,7) (0,1,3,5) {282,73,243,278,203,45,230,258}
[#.#.######] (0,2,3,6,8,9) (1,3,4,8,9) (2,7) (0,2,4,5,6,7,8,9) (0,2,3,4,5,7,8,9) (2,4,6,7) (4,5) (5,8) (0,1,2,4,6) (1,4) {48,42,67,44,70,14,50,33,46,46}
[#####.##] (0,1,2,3,5) (0,2,3,4,5) (0,1,2,3,4,6,7) (1,4,7) (3) (2,3,5,6) {132,119,138,147,126,31,113,110}
[..####] (1,2,3,4,5) (0,1,3,4) (1,3,5) (0,2,3) {151,148,25,164,144,13}
[.###] (1,2,3) (1) (0,2,3) {6,16,16,16}
[##..#] (1,2,3) (0,1,4) (0,3) {110,115,13,21,102}
[##.##..##] (1,4,7) (1,2,5,7,8) (0,1,2,3,4,5,7) (1,6) (2,3,5,6) (0,1,2,5,6,7,8) (1,2,5) (4,5,6) (0,1,3,4,7,8) (0,1,2,4,5,7) {53,95,71,32,59,78,37,76,37}
[...#] (1,2) (0) (0,1,3) (0,2) (2) (1,3) {38,46,30,33}
[....##.#.] (3,4,6) (0,1,2,5,6,8) (1,2,4,8) (3,6,7,8) (0,2,6,7) (1,3,8) (0,2,5,6,7) (0,3,6,7) (0,2,3,5) (0,1,2,3,5,7) (2,3,4,6,7) {184,189,196,219,29,171,44,200,38}
[.####.] (4,5) (2,3,5) (2,3) (2,3,4,5) (1) (0,1,2) (0,1,3) {17,30,9,24,13,16}
[...#] (0,1) (0,2,3) (0,1,3) {124,17,107,120}
[...##] (1) (0,1,4) (0,4) (0,1,3) (0,2,4) {34,30,11,9,25}
[#.#.] (0,2) (2) (2,3) (1,3) {18,16,34,25}
[.#.#....] (1,2,3,4,5,6) (2,3) (2,6,7) (0,1,2,5) (2,3,4,7) (0,2,4,5) (6,7) (1,3) {38,36,61,28,29,47,22,13}
[.....##...] (3,4,8,9) (0,1,5,6,7,8,9) (0,3,4,5,6,7,8,9) (0,1,2,3,6,7,8) (0,1,3,4,6,7,8,9) (1,5,9) (2,4,6,8,9) (0,1,2,3,4,5,7,8) {50,49,26,56,56,38,51,50,72,66}
[#####.] (1,5) (0,2,5) (0,1,4) (0,3,5) {204,34,180,5,19,200}
[.#.#......] (0,1,3,4,5,6,7,9) (1,2,3,4,7,8,9) (0,1,2,4,5,6,7,9) (3,7) (0,2,3,4,5,6,7,8) (0,6,8) (4,6,7) (0,1,3,6,7,8,9) (0,2,3,7,8,9) (1,2,5,7,8) (1,2,3,4,5,7,8) (0,2,6) {272,80,257,283,93,66,97,321,261,260}
[.###] (1,2,3) (0,1,2) {9,15,15,6}
[...#####.] (0,2,4,5,6,7,8) (3,4,8) (0,1,4,6,7,8) (0,1,2,3,4,5,6,7) (0,1,3,4,5,6,7) (0,2,3,4,6,8) (2,4) (0,2,5,6,8) (0,5,7,8) (3,4,6) (0,2) {81,52,55,53,84,58,69,64,44}
[.#...] (2,3,4) (0,2,4) (1,2,4) (0) (0,3) (0,1,4) {46,38,57,21,75}
[#.##.] (1) (0,2,4) (1,2,4) (1,2) (0,1,4) (2,3,4) (0,1,2) {25,48,67,20,50}
[..###.##.#] (0,1,2,5,6,7) (5,8,9) (3,4) (2,3,6,7,8,9) (1,3,6,9) (0,3,5,6,7,8) (2,4,5,7,8) (2,4,5,7,9) (0,1,4,8,9) (0,1,8) {31,26,30,12,35,46,15,35,59,30}
[..####..] (0,5,7) (0,2,4,5,6,7) (1,2,3,4,6,7) (2,3,5) (4) (1,2,4,5,6,7) {17,25,36,13,39,45,28,42}
[####.#####] (2,4,6) (2) (1,4,5,6,7,8,9) (1,2,3,4,5,6,8,9) (2,8) (0,1,3,4,5,8) (0,4,5,7,8,9) (0,2,4,7,8,9) (1,2,3,6,7,8,9) (0,1,2,6,8,9) (0,4,5,6,7,8) (3,5,6) (2,9) {55,43,61,32,68,56,75,58,83,48}
[..#...#.] (1,2,3,5,6,7) (1,2,3,4,5,6,7) (2,3,5,6) (1,6) (0,2,6) (0,1,4,6,7) (1,2,3,4,5,6) (0,2,5) (1,4,5,7) (5,6) {29,225,247,222,216,254,254,218}
[######.] (0,2,3,6) (0,2,4,5,6) (0,3,5,6) (0,3,5) (0,3,4) (1,3,5,6) (0,1,2,6) {54,2,10,46,19,37,25}
[..#.###...] (3,7) (1,2,3,4,6,7,8) (1,3,5,6,9) (0,1,6,7,8) (0,1,2,4,5,8,9) (2,4,7) (0,9) (0,1,3,4,5,6,7,8,9) (0,1,4,5,7,8,9) (0,1,2,3,4,5,7,9) {63,68,45,43,54,37,49,70,53,53}
[..##] (1,3) (0,2) (1) (0,2,3) (2) {13,173,23,170}
[##.#..#] (0,3) (0,1,3,4,5,6) (1,2,3,4,6) (0,2,6) (1,6) (1,2,4,5,6) (0,1,3,6) (4,5,6) {44,54,44,44,40,26,69}
[#.#..#.] (2,4,6) (3,6) (0,5) (1,2,3,5) (0,3,5) (1,3,4) (1) {21,37,28,50,23,35,25}
[......###.] (1,2,6) (0,4,5,8,9) (4,8) (4,7,8) (3,5,8) (2,3,5,8) (0,1,4,5,6,9) (0,4,9) (2,3) (0,1,4,7,9) (0,1,3,6,7,9) {59,37,28,47,78,53,30,26,65,59}
[#...##..#] (0,1,2,3,4,5,6) (2,4,7) (0,3,7,8) (0,1,2,3,4,6,7,8) (2,5) (3,4) (1,3,7) (0,2,4) (1,2,5,7,8) (0,1,2,5,6,7,8) (0,4,7) {47,67,91,51,52,51,34,81,44}
[##.#.#] (2,3,5) (1,2,4,5) (0,1,3,5) (3,4,5) (0,2,3,4,5) (0,1,3) {219,216,11,230,10,34}
[....#..##] (0,1,2,3,5,6,8) (0,2,4,6,7) (0,4,7) (2,6) (0,1,3,5,6,8) (0,1,2,3,4,5,7) (4,5,6,8) (1,6,8) (0,2,5,6,7,8) {47,34,37,29,28,37,41,26,34}
[#....##] (0,1,2,4,5) (0,1,2,4) (0,1,2,5,6) (0,1,3,6) (1,3,4,6) {224,227,213,14,211,21,19}
[..###] (0,3,4) (0,1,3) (1,2,3) (0,2,3,4) (0,1,4) {64,146,127,163,47}
[#.##.#] (3,5) (1,2,3,4) (0,1,3,5) (4,5) (0,2) (1,2,4) (0,4) (2,3) {54,21,16,26,22,26}
[##..#.#..#] (1,2,3,4,6,7,8,9) (0,3,4,5,7) (0,1,2,3,4,6,7,8,9) (1,2,3,4,6,8,9) (2,3,5,7) (0,1,3,6,7,8) (3,8) (0,2,3,4,7,8,9) (0,1,2,3,6,7,8,9) {62,57,203,241,37,156,57,221,85,50}
[.####] (0,1,2,4) (0,2,4) (1,2,3) (0,1,3) {22,39,39,21,20}
[.##..##..] (0,1,2,4,6,7,8) (0,2,3,4,5,6,7,8) (0,2,3,4,6,7) (0,2,3,5) (0,1,3,4,7,8) (1,2,5,6) (1,6) (2,4,5,6,8) {42,38,49,32,40,23,62,37,24}
[###.] (1,3) (0,1,2) {10,12,10,2}
[###.] (0,1,2) (0,1,3) {20,20,16,4}
[###...#] (1,2,4,5) (1,4) (0,2,3,4,6) (0,3,5) (1,2,3) (0,1,2,5) (0,1,2,6) (0,1,5) {45,72,72,26,37,35,24}
[..##] (0,1) (1,3) (1,2) (0,2,3) {18,224,14,192}
[#..###.] (0,1,2,3,5,6) (0,2,4,5,6) (0,1,4,5) (0,2,3,5) (0,1,3,4,6) (0,1,3,6) {168,39,143,134,34,163,33}
[##..###...] (1,2,3,4,5,6,7,8,9) (0,2,3,5,7,8,9) (2,3,4,5,6,7,8) (2,4,7,8) (2,4,5,6,7,9) (1,2,3,4,7,8,9) (0,2,4,6,7,8,9) (3,6) (3,4) {142,11,191,41,185,29,164,191,187,157}
[##..] (0,1) (0,1,2) (2,3) (2) (0) (0,3) {61,32,31,19}
[..##.##] (4,6) (0,1,2) (0,1,2,3,5,6) (0,1,3,5,6) (3,4,5,6) (3,4,6) (0,1,2,5,6) (2,4) (0,2,3,4,5,6) {179,168,57,181,57,186,203}
[##..#..] (0,4) (0,3,4,5) (0,2,3,6) (5) (2,3,4,6) (1,3,4,5,6) (0,2,3,4,5) (2,5,6) (1,2) {48,29,57,59,67,62,48}
[#.#...#] (0,6) (0,2,3,4,5) (0,1) (0,1,4,5) (2,3,4,5) (1) (1,3) {34,41,24,31,39,39,4}
[#..#...] (1,2,4,6) (0,2,4,6) (3,4) (0,1,4,5,6) (0,1,2,4,6) (1,2,3,4,5,6) (4,5,6) (0,1,2,3,5,6) {34,64,53,41,92,44,76}
[###.##] (3,4,5) (0,1,4,5) (0,1,2,3) (0,2) (1,2,3) (0,2,3) {37,29,36,39,17,17}
[.###] (0,1,3) (2,3) (1,2,3) {4,18,22,26}
[.##...##] (0,1,2,4,6,7) (2,3,4) (0,1,4) (0,2,4,5,7) (1,5,6,7) (1,2,7) (0,6) (0,2,4,5,6,7) (0,2,5,6) {64,44,74,10,64,37,31,60}
[##...] (1,2,3,4) (2,3) (0,2,3,4) {16,19,36,36,35}
[.###] (2,3) (0,1) (0) (1,3) (0,2) {40,12,28,15}
[#..#.#] (0,2,4,5) (3,4,5) (0,2,3,5) (0,4) (0,3) (1) {39,3,15,29,46,33}
[##.#] (1,2,3) (0,2,3) (0) (1,2) (0,1) (1) {28,29,30,27}
[..##.###] (3,4,5,6) (4,5) (1,2,4,5,6,7) (0,1,2,3,4,6,7) (1,3,5) (0,2,4,7) (1) {24,49,42,28,54,36,40,42}
[..###] (0,3,4) (2,3,4) (0,1,3,4) {30,13,14,44,44}
[###...] (0,4) (4,5) (0,3,5) (0,2,4) (1,2,3,4) (2,3,5) {34,3,19,19,46,33}
[..#.##...] (4,5,7) (1,2,3,4,6) (1,3,5,6,7,8) (1,2,3,5,6,7,8) (0,1) (1,2,3,4,6,7) (0,2,4,6,7) (3,7,8) (0,3,5,6,8) (0,5,6) {47,59,37,77,36,48,68,62,56}
[####] (0,3) (0,1) (2,3) {129,121,19,27}
[.##.##] (3,5) (2,3,5) (1,2,4,5) (0,1,3,4,5) (2,5) (1,3,4,5) (0,2,3,4) (2,3,4) {26,38,50,63,61,63}
[.#...#..] (0,1,2,5,6,7) (0,1,4,6) (0,1,2,3,5,6,7) (4,6,7) (3,5) (4,6) (1,5) {29,36,21,128,16,148,37,22}
[##.#..#...] (0,1,2,4,5,6,7,8,9) (4,5,7,8) (0,1,2,5,6,7) (0,9) (0,1,2,5,8) (1,2,3,4,6,8,9) (0,6,7) (1,7) (0,1,4,5,6,9) (2,4,8) {91,76,61,7,64,79,76,87,62,49}
[....#..##] (1,6) (1,2) (0,3,5) (0,1,2,3,5,6,7) (4,5,6,7,8) (1,3,4,5,6,7,8) (0,1,4,5,6,7,8) (0,2,3,5,6,7) {13,156,11,22,26,39,174,33,26}
[#...] (2) (0) (0,2) (0,2,3) (2,3) (0,1,3) {212,19,208,224}
[######] (0) (0,1,4,5) (0,1) (1,2,3,4,5) (1,2,5) (1,2) (1,3) (3) {32,53,34,32,15,30}
[#.....##] (3,5,6,7) (2,3,4,5,7) (1,2,3,5,6,7) (0,1,2,4) (0,1,2,3,5,6,7) (0,1,3,4,6) (0,2,3,4,7) {54,47,47,39,44,18,27,27}
[##..#.####] (2,8,9) (0,2,6) (0,1,2,5,6,7,8,9) (0,2,3,4,6,7,8,9) (0,1,3,5,6,7,8,9) (2,3,5,6,7,8) (1,6,7,8) (2,4,8) (0,2,3,4,6,7,8) (0,1,2,6,7) (0,2,3,4,5,7,9) (1,3,6,7) {65,32,90,62,41,41,83,85,80,57}
[..##.] (0,1,3) (0,1,2,3) (2,4) (2) (3,4) (0,1) (1,3,4) {25,29,26,22,11}
[.###] (0,1,2) (2) (1,3) (0,2,3) {13,19,24,22}
[.####.#..] (3,4,7,8) (0,2,3,6,7) (0,1,2,3,5,6,8) (0,1,4,6,8) (0,1,3,4,6,8) (2,7) (1,2,3,4,5,6,7) (0,4,6) {179,174,34,39,186,9,183,45,186}
[.##.###...] (5,6,7,8) (2,3,4,5,6,7,8) (0,2,3,4,5,8,9) (8,9) (1,5,6,8,9) (0,4,5,8,9) (2,9) (1,3,4,5,6,7,9) (1,3,8) (0,1,3,4,6,7,8,9) {27,30,21,51,63,56,47,47,64,59}
[##.#] (0,3) (0,1) (0,2) (1,2) (0,1,2) {170,34,165,0}
[..#.###] (0,3,4,5,6) (1,3,4,5) (2,3) (0,2,3,5) (1,2,5,6) (0,1,2,3,5,6) (0,2,3,4,6) (1,6) {28,59,60,61,23,64,46}
[.#...#] (2) (2,3,4,5) (0,1,2,4,5) (0,1,3,5) (1,2,3,5) (0,1,3,4,5) (0,2) {46,31,135,31,22,35}
[.#.#..#...] (0,1,8,9) (0,1,2,4,5,7,8) (6,8) (7,8) (0,2,7) (0,2,3,4,5,7,8) (3,9) (0,2,3,5,6,7,8) (0,1,3,4,5,6,7,8,9) (4,6,7) (0,1,2,3,5,6,8,9) (0,1,3,4,5,6,7,9) {49,36,25,55,24,38,49,54,76,53}
[.###..#.] (0,2,4) (0,2) (0,1,3,4) (1,2,4,5,7) (0,6) (2,4) (0,2,3,5,7) (0,1,2,3,5) (0) {90,32,82,32,49,48,18,38}